[
    [[379, 56], [1142, 63]],
    [[379, 56], [386, 744]],
    [[379, 737],[1142, 744]],
    [[1135, 56], [1142, 744]],
    [[455, 132],[688, 139]],
    [[681, 132],[688, 290]],
    [[681, 207],[764, 214]],
    [[757, 56],[764, 214]],
    [[681, 283],[764, 290]],
    [[833, 132],[991, 139]],
    [[1059, 56],[1066, 214]],
    [[984, 207],[1066, 214]],
    [[379, 207],[613, 214]],
    [[833, 132],[840, 366]],
    [[530, 359],[840, 366]],
    [[379, 283],[537, 290]],
    [[530, 283],[537, 366]],
    [[379, 359],[462, 366]],
    [[606, 283],[613, 517]],
    [[681, 359],[688, 441]],
    [[757, 434],[915, 441]],
    [[908, 359],[915, 441]],
    [[908, 359],[991, 366]],
    [[606, 510],[915, 517]],
    [[833, 434],[840, 517]],
    [[455, 434],[537, 441]],
    [[455, 434],[462, 744]],
    [[907, 207],[915, 290]],
    [[908, 283],[1066, 290]],
    [[1059, 283],[1066, 441]],
    [[984, 434],[1066, 441]],
    [[984, 434],[991, 593]],
    [[908, 586],[991, 593]],
    [[908, 586],[915, 668]],
    [[833, 661],[915, 668]],
    [[833, 661],[840, 744]],
    [[984, 661],[1142, 668]],
    [[530, 510],[537, 593]],
    [[530, 586],[688, 593]],
    [[681, 510],[688, 593]],
    [[455, 661],[764, 668]],
    [[757, 586],[764, 668]],
    [[757, 586],[840, 593]],
    [[1059, 510],[1066, 593]],
    [[1059, 586],[1142, 593]],
]